Timeline Report: With Gaps (No Activity)
Generated: 2026-02-12 17:16:18

Time%  | Group 1 | Group 2 | Group 3 | Total |
----------------------------------------------
  0.0  |   1    |   0    |   0    |   1   |
  5.3  |   1    |   0    |   0    |   1   |
 10.5  |   1    |   0    |   0    |   1   |
 15.8  |   1    |   0    |   0    |   1   |
 21.1  |   1    |   0    |   0    |   1   |
 26.3  |   0    |   0    |   0    |   0   |
 31.6  |   0    |   0    |   0    |   0   |
 36.8  |   0    |   0    |   0    |   0   |
 42.1  |   0    |   1    |   0    |   1   |
 47.4  |   0    |   1    |   0    |   1   |
 52.6  |   0    |   1    |   0    |   1   |
 57.9  |   0    |   1    |   0    |   1   |
 63.2  |   0    |   0    |   0    |   0   |
 68.4  |   0    |   0    |   0    |   0   |
 73.7  |   0    |   0    |   0    |   0   |
 78.9  |   0    |   0    |   1    |   1   |
 84.2  |   0    |   0    |   1    |   1   |
 89.5  |   0    |   0    |   1    |   1   |
 94.7  |   0    |   0    |   1    |   1   |
100.0  |   0    |   0    |   1    |   1   |

Overlapping Groups: []
Concurrent Stats: {'max_concurrent': 1, 'min_concurrent': 0, 'avg_concurrent': 0.7, 'times_with_zero': 6, 'times_with_max': 14}
