Timeline Report: Maximum Overlap
Generated: 2026-02-12 17:16:18

Time%  | Group 1 | Group 2 | Group 3 | Group 4 | Total |
--------------------------------------------------------
  0.0  |   1    |   0    |   0    |   0    |   1   |
  5.3  |   1    |   0    |   0    |   0    |   1   |
 10.5  |   1    |   1    |   0    |   0    |   2   |
 15.8  |   1    |   1    |   0    |   0    |   2   |
 21.1  |   1    |   1    |   1    |   0    |   3   |
 26.3  |   1    |   1    |   1    |   0    |   3   |
 31.6  |   1    |   1    |   1    |   1    |   4   |
 36.8  |   1    |   1    |   1    |   1    |   4   |
 42.1  |   1    |   1    |   1    |   1    |   4   |
 47.4  |   1    |   1    |   1    |   1    |   4   |
 52.6  |   1    |   1    |   1    |   1    |   4   |
 57.9  |   1    |   1    |   1    |   1    |   4   |
 63.2  |   1    |   1    |   1    |   1    |   4   |
 68.4  |   1    |   1    |   1    |   1    |   4   |
 73.7  |   0    |   1    |   1    |   1    |   3   |
 78.9  |   0    |   1    |   1    |   1    |   3   |
 84.2  |   0    |   0    |   1    |   1    |   2   |
 89.5  |   0    |   0    |   1    |   1    |   2   |
 94.7  |   0    |   0    |   0    |   1    |   1   |
100.0  |   0    |   0    |   0    |   1    |   1   |

Overlapping Groups: [(1, 2), (1, 3), (1, 4), (2, 3), (2, 4), (3, 4)]
Concurrent Stats: {'max_concurrent': 4, 'min_concurrent': 1, 'avg_concurrent': 2.8, 'times_with_zero': 0, 'times_with_max': 8}
